0.25 1.100759446e-05 1.100988601e-05 
0.75 1.186120521e-05 1.186375359e-05 
1.25 1.225253495e-05 1.225526509e-05 
1.75 1.181569393e-05 1.181815187e-05 
2.25 1.179099241e-05 1.179342321e-05 
2.75 1.213281725e-05 1.213533868e-05 
3.25 1.203216396e-05 1.203465164e-05 
3.75 1.251883281e-05 1.252150434e-05 
4.25 1.253325684e-05 1.253592775e-05 
4.75 1.350659753e-05 1.350967267e-05 
5.25 1.563207713e-05 1.563618347e-05 
5.75 1.807047473e-05 1.807596053e-05 
6.25 2.407294633e-05 2.40826596e-05 
6.75 3.58687164e-05 3.589023567e-05 
7.25 6.3615467e-05 6.36830996e-05 
7.75 0.0001331466967 0.0001334431427 
8.25 0.000344870466 0.000346866192 
8.75 0.0009885763313 0.001005164423 
9.25 0.0029364393 0.003088095707 

0.25 9.571291893e-06 9.57476306e-06 
0.75 1.015379206e-05 1.015754879e-05 
1.25 1.058059171e-05 1.058465919e-05 
1.75 1.019447165e-05 1.019813495e-05 
2.25 1.027367871e-05 1.027737463e-05 
2.75 1.048147486e-05 1.04852431e-05 
3.25 1.041591422e-05 1.041965679e-05 
3.75 1.092411119e-05 1.092818791e-05 
4.25 1.120184577e-05 1.120611877e-05 
4.75 1.236173274e-05 1.23668967e-05 
5.25 1.46800444e-05 1.46872926e-05 
5.75 1.764426973e-05 1.76547302e-05 
6.25 2.473705407e-05 2.475759247e-05 
6.75 3.864051373e-05 3.8690487e-05 
7.25 7.062906907e-05 7.079605293e-05 
7.75 0.0001483457327 0.0001490839827 
8.25 0.000372736052 0.0003774324227 
8.75 0.0009965082267 0.001030842351 
9.25 0.002634274913 0.00288960054 

0.25 7.50887528e-06 7.51315406e-06 
0.75 7.898872327e-06 7.903425807e-06 
1.25 8.272995033e-06 8.277965573e-06 
1.75 7.980591053e-06 7.985086733e-06 
2.25 8.06050076e-06 8.0650486e-06 
2.75 8.21856138e-06 8.223207487e-06 
3.25 8.161546347e-06 8.166149467e-06 
3.75 8.69510994e-06 8.70028302e-06 
4.25 9.116237847e-06 9.121894473e-06 
4.75 1.035151982e-05 1.035876516e-05 
5.25 1.263747113e-05 1.264822745e-05 
5.75 1.585880007e-05 1.587572253e-05 
6.25 2.324292467e-05 2.32792502e-05 
6.75 3.757523687e-05 3.7669898e-05 
7.25 7.027873887e-05 7.061031407e-05 
7.75 0.00014779095 0.0001492642433 
8.25 0.000361139778 0.0003700700733 
8.75 0.000906062882 0.000964597382 
9.25 0.00214854242 0.002512180247 

0.25 5.621911927e-06 5.626720733e-06 
0.75 5.834306447e-06 5.839286727e-06 
1.25 6.14496476e-06 6.150451513e-06 
1.75 5.972123013e-06 5.977170393e-06 
2.25 6.031913733e-06 6.037020013e-06 
2.75 6.13413404e-06 6.1393306e-06 
3.25 6.129312033e-06 6.134524873e-06 
3.75 6.635248687e-06 6.641281587e-06 
4.25 7.151371013e-06 7.1583347e-06 
4.75 8.330804127e-06 8.34019366e-06 
5.25 1.051919299e-05 1.053412121e-05 
5.75 1.37372342e-05 1.376266933e-05 
6.25 2.0955818e-05 2.101499367e-05 
6.75 3.481938293e-05 3.498239313e-05 
7.25 6.612193827e-05 6.67117082e-05 
7.75 0.0001382400767 0.0001408424567 
8.25 0.0003275896287 0.000342609962 
8.75 0.0007705443493 0.000859536988 
9.25 0.001634521093 0.002099905287 

0.25 4.094952167e-06 4.100049767e-06 
0.75 4.224490867e-06 4.229718993e-06 
1.25 4.476751613e-06 4.48257442e-06 
1.75 4.3714276e-06 4.376859307e-06 
2.25 4.433575687e-06 4.439111973e-06 
2.75 4.52734798e-06 4.533019907e-06 
3.25 4.5581898e-06 4.56397374e-06 
3.75 5.004476407e-06 5.011356967e-06 
4.25 5.539619347e-06 5.547982627e-06 
4.75 6.6436599e-06 6.655610227e-06 
5.25 8.687394793e-06 8.707798787e-06 
5.75 1.176930153e-05 1.180669603e-05 
6.25 1.848751167e-05 1.85798842e-05 
6.75 3.146319307e-05 3.17305424e-05 
7.25 6.019904873e-05 6.11847272e-05 
7.75 0.0001244275293 0.0001287135833 
8.25 0.0002837504413 0.0003071300827 
8.75 0.0006200540647 0.0007447637227 
9.25 0.0011683069 0.00171719828 

0.25 2.97667004e-06 2.982064773e-06 
0.75 3.053306627e-06 3.058789813e-06 
1.25 3.253717487e-06 3.259884233e-06 
1.75 3.18959416e-06 3.195405933e-06 
2.25 3.26276872e-06 3.268799813e-06 
2.75 3.337134547e-06 3.343319553e-06 
3.25 3.409687793e-06 3.41618194e-06 
3.75 3.788141847e-06 3.79603896e-06 
4.25 4.321820907e-06 4.332015047e-06 
4.75 5.32567932e-06 5.34105224e-06 
5.25 7.1949483e-06 7.222994913e-06 
5.75 1.010241895e-05 1.015767497e-05 
6.25 1.624403393e-05 1.638732593e-05 
6.75 2.807165087e-05 2.850054767e-05 
7.25 5.362694013e-05 5.521337053e-05 
7.75 0.0001086822979 0.000115408482 
8.25 0.000235476552 0.0002696777133 
8.75 0.000471579722 0.0006343805233 
9.25 0.0007838749353 0.001385208787 

0.25 2.172228179e-06 2.177982053e-06 
0.75 2.217063561e-06 2.222868843e-06 
1.25 2.368667589e-06 2.37521674e-06 
1.75 2.339995551e-06 2.346280028e-06 
2.25 2.434653987e-06 2.441385687e-06 
2.75 2.502970173e-06 2.509940413e-06 
3.25 2.58660068e-06 2.594103707e-06 
3.75 2.930725873e-06 2.940196227e-06 
4.25 3.43823636e-06 3.451156567e-06 
4.75 4.361518273e-06 4.38219326e-06 
5.25 6.03013476e-06 6.069677693e-06 
5.75 8.710581627e-06 8.793124213e-06 
6.25 1.426804873e-05 1.4490804e-05 
6.75 2.475454487e-05 2.5430254e-05 
7.25 4.68130008e-05 4.928992587e-05 
7.75 9.20135846e-05 0.0001021229474 
8.25 0.0001864821307 0.0002337107687 
8.75 0.0003366991527 0.000534853832 
9.25 0.0004934565767 0.001108752073 

0.25 1.619315542e-06 1.625741965e-06 
0.75 1.642244297e-06 1.648663653e-06 
1.25 1.754856322e-06 1.762104565e-06 
1.75 1.736537147e-06 1.74350996e-06 
2.25 1.832141933e-06 1.83979648e-06 
2.75 1.917553453e-06 1.925747847e-06 
3.25 2.005908213e-06 2.014943867e-06 
3.75 2.319205773e-06 2.33109552e-06 
4.25 2.799499467e-06 2.816664387e-06 
4.75 3.63896672e-06 3.667873073e-06 
5.25 5.140706467e-06 5.19847048e-06 
5.75 7.572253793e-06 7.697951973e-06 
6.25 1.246702727e-05 1.281151467e-05 
6.75 2.160136973e-05 2.26535906e-05 
7.25 3.993586953e-05 4.369241087e-05 
7.75 7.500929627e-05 8.95313062e-05 
8.25 0.000139491648 0.0002007362973 
8.75 0.000224205786 0.0004491509747 
9.25 0.0002919852867 0.0008809478593 

0.25 1.227073585e-06 1.234507405e-06 
0.75 1.236972791e-06 1.244354556e-06 
1.25 1.32545519e-06 1.333793033e-06 
1.75 1.318574349e-06 1.326704166e-06 
2.25 1.405020802e-06 1.414061397e-06 
2.75 1.500963325e-06 1.511051206e-06 
3.25 1.5893015e-06 1.600674581e-06 
3.75 1.881318247e-06 1.89704236e-06 
4.25 2.31995158e-06 2.343635773e-06 
4.75 3.088601793e-06 3.13052896e-06 
5.25 4.427105007e-06 4.513570773e-06 
5.75 6.61432954e-06 6.80884672e-06 
6.25 1.08271954e-05 1.135861577e-05 
6.75 1.85433662e-05 2.015490793e-05 
7.25 3.302609207e-05 3.85290434e-05 
7.75 5.823747527e-05 7.805132173e-05 
8.25 9.75153698e-05 0.00017175958 
8.75 0.000138661464 0.0003759491927 
9.25 0.00016362501 0.0006922383487 

0.25 9.431806567e-07 9.52089166e-07 
0.75 9.444354713e-07 9.53177262e-07 
1.25 1.019351111e-06 1.029339049e-06 
1.75 1.028488142e-06 1.038486795e-06 
2.25 1.099537463e-06 1.110699717e-06 
2.75 1.190056777e-06 1.202822405e-06 
3.25 1.282510553e-06 1.297417493e-06 
3.75 1.557075395e-06 1.578778475e-06 
4.25 1.953779387e-06 1.987668787e-06 
4.75 2.6432967e-06 2.705364527e-06 
5.25 3.81963582e-06 3.95049916e-06 
5.75 5.726210327e-06 6.024725233e-06 
6.25 9.2766253e-06 1.008785217e-05 
6.75 1.547293e-05 1.78680114e-05 
7.25 2.618953127e-05 3.393182853e-05 
7.75 4.253308213e-05 6.80695674e-05 
8.25 6.321194347e-05 0.00014712967 
8.75 8.009075067e-05 0.0003136664333 
9.25 8.791332547e-05 0.000534820108 

0.25 7.42397504e-07 7.535717413e-07 
0.75 7.351933787e-07 7.459483147e-07 
1.25 7.970787447e-07 8.094807513e-07 
1.75 8.218730067e-07 8.347776267e-07 
2.25 8.8084022e-07 8.9536517e-07 
2.75 9.650592747e-07 9.819968793e-07 
3.25 1.062452507e-06 1.083160806e-06 
3.75 1.303150789e-06 1.333876035e-06 
4.25 1.652191967e-06 1.7013521e-06 
4.75 2.2735355e-06 2.366966153e-06 
5.25 3.27440636e-06 3.47189666e-06 
5.75 4.901220307e-06 5.356983227e-06 
6.25 7.760064487e-06 8.971981913e-06 
6.75 1.24077884e-05 1.583412247e-05 
7.25 1.960348553e-05 2.99437186e-05 
7.75 2.885383047e-05 5.980943473e-05 
8.25 3.79963884e-05 0.0001268770187 
8.75 4.372962467e-05 0.00025750961 
9.25 4.586888347e-05 0.000401773626 

0.25 6.03058946e-07 6.180491773e-07 
0.75 5.912696387e-07 6.052989987e-07 
1.25 6.394152673e-07 6.556089053e-07 
1.75 6.7250032e-07 6.900222747e-07 
2.25 7.246178347e-07 7.44546302e-07 
2.75 8.055082233e-07 8.295146127e-07 
3.25 8.91363208e-07 9.209922567e-07 
3.75 1.099114293e-06 1.143622771e-06 
4.25 1.414458079e-06 1.488238153e-06 
4.75 1.92949578e-06 2.06805394e-06 
5.25 2.776640207e-06 3.0739791e-06 
5.75 4.080880793e-06 4.758349933e-06 
6.25 6.254587667e-06 8.011302353e-06 
6.75 9.40955362e-06 1.40786956e-05 
7.25 1.363004427e-05 2.661198827e-05 
7.75 1.800901693e-05 5.29796654e-05 
8.25 2.13486842e-05 0.0001097943515 
8.75 2.297994913e-05 0.0002060876967 
9.25 2.35132754e-05 0.00029405711 

0.25 4.91545234e-07 5.118622507e-07 
0.75 4.803795273e-07 4.992594007e-07 
1.25 5.195081967e-07 5.412266433e-07 
1.75 5.515215387e-07 5.757032887e-07 
2.25 5.9493671e-07 6.224336973e-07 
2.75 6.6872667e-07 7.027732067e-07 
3.25 7.511243067e-07 7.943092407e-07 
3.75 9.26424462e-07 9.918390433e-07 
4.25 1.196540679e-06 1.306280779e-06 
4.75 1.61972402e-06 1.825229013e-06 
5.25 2.2950835e-06 2.73408212e-06 
5.75 3.306355827e-06 4.30650236e-06 
6.25 4.760032253e-06 7.18541852e-06 
6.75 6.65406918e-06 1.271173767e-05 
7.25 8.71670756e-06 2.40315498e-05 
7.75 1.040064613e-05 4.74735046e-05 
8.25 1.139795647e-05 9.37895276e-05 
8.75 1.180331147e-05 0.0001596082473 
9.25 1.193367953e-05 0.000212382594 

0.25 4.064032593e-07 4.35033072e-07 
0.75 3.945782153e-07 4.2077805e-07 
1.25 4.250804987e-07 4.54519934e-07 
1.75 4.535452767e-07 4.8735233e-07 
2.25 4.915376267e-07 5.30212738e-07 
2.75 5.519611187e-07 5.999569873e-07 
3.25 6.33123162e-07 6.96420506e-07 
3.75 7.81438618e-07 8.791801687e-07 
4.25 1.009569295e-06 1.176908286e-06 
4.75 1.324831953e-06 1.6252694e-06 
5.25 1.842531607e-06 2.49015974e-06 
5.75 2.512915267e-06 3.914099987e-06 
6.25 3.362691267e-06 6.54706324e-06 
6.75 4.306367127e-06 1.166384242e-05 
7.25 5.108637047e-06 2.17673462e-05 
7.75 5.6409094e-06 4.23563888e-05 
8.25 5.896335007e-06 7.852197833e-05 
8.75 5.990086313e-06 0.0001215705933 
9.25 6.02157732e-06 0.0001532972493 
