0.25 1.100759446e-05 1.100988601e-05 
0.75 1.186120521e-05 1.186375359e-05 
1.25 1.225253495e-05 1.225526509e-05 
1.75 1.181569393e-05 1.181815187e-05 
2.25 1.179099241e-05 1.179342321e-05 
2.75 1.213281725e-05 1.213533868e-05 
3.25 1.203216396e-05 1.203465164e-05 
3.75 1.251883281e-05 1.252150434e-05 
4.25 1.253325684e-05 1.253592775e-05 
4.75 1.350659753e-05 1.350967267e-05 
5.25 1.563207713e-05 1.563618347e-05 
5.75 1.807047473e-05 1.807596053e-05 
6.25 2.407294633e-05 2.40826596e-05 
6.75 3.58687164e-05 3.589023567e-05 
7.25 6.3615467e-05 6.36830996e-05 
7.75 0.0001331466967 0.0001334431427 
8.25 0.000344870466 0.000346866192 
8.75 0.0009885763313 0.001005164423 
9.25 0.0029364393 0.003088095707 
