0.25 6.03058946e-07 6.180491773e-07 
0.75 5.912696387e-07 6.052989987e-07 
1.25 6.394152673e-07 6.556089053e-07 
1.75 6.7250032e-07 6.900222747e-07 
2.25 7.246178347e-07 7.44546302e-07 
2.75 8.055082233e-07 8.295146127e-07 
3.25 8.91363208e-07 9.209922567e-07 
3.75 1.099114293e-06 1.143622771e-06 
4.25 1.414458079e-06 1.488238153e-06 
4.75 1.92949578e-06 2.06805394e-06 
5.25 2.776640207e-06 3.0739791e-06 
5.75 4.080880793e-06 4.758349933e-06 
6.25 6.254587667e-06 8.011302353e-06 
6.75 9.40955362e-06 1.40786956e-05 
7.25 1.363004427e-05 2.661198827e-05 
7.75 1.800901693e-05 5.29796654e-05 
8.25 2.13486842e-05 0.0001097943515 
8.75 2.297994913e-05 0.0002060876967 
9.25 2.35132754e-05 0.00029405711 
