0.25 7.50887528e-06 7.51315406e-06 
0.75 7.898872327e-06 7.903425807e-06 
1.25 8.272995033e-06 8.277965573e-06 
1.75 7.980591053e-06 7.985086733e-06 
2.25 8.06050076e-06 8.0650486e-06 
2.75 8.21856138e-06 8.223207487e-06 
3.25 8.161546347e-06 8.166149467e-06 
3.75 8.69510994e-06 8.70028302e-06 
4.25 9.116237847e-06 9.121894473e-06 
4.75 1.035151982e-05 1.035876516e-05 
5.25 1.263747113e-05 1.264822745e-05 
5.75 1.585880007e-05 1.587572253e-05 
6.25 2.324292467e-05 2.32792502e-05 
6.75 3.757523687e-05 3.7669898e-05 
7.25 7.027873887e-05 7.061031407e-05 
7.75 0.00014779095 0.0001492642433 
8.25 0.000361139778 0.0003700700733 
8.75 0.000906062882 0.000964597382 
9.25 0.00214854242 0.002512180247 
