0.25 5.621911927e-06 5.626720733e-06 
0.75 5.834306447e-06 5.839286727e-06 
1.25 6.14496476e-06 6.150451513e-06 
1.75 5.972123013e-06 5.977170393e-06 
2.25 6.031913733e-06 6.037020013e-06 
2.75 6.13413404e-06 6.1393306e-06 
3.25 6.129312033e-06 6.134524873e-06 
3.75 6.635248687e-06 6.641281587e-06 
4.25 7.151371013e-06 7.1583347e-06 
4.75 8.330804127e-06 8.34019366e-06 
5.25 1.051919299e-05 1.053412121e-05 
5.75 1.37372342e-05 1.376266933e-05 
6.25 2.0955818e-05 2.101499367e-05 
6.75 3.481938293e-05 3.498239313e-05 
7.25 6.612193827e-05 6.67117082e-05 
7.75 0.0001382400767 0.0001408424567 
8.25 0.0003275896287 0.000342609962 
8.75 0.0007705443493 0.000859536988 
9.25 0.001634521093 0.002099905287 
