0.25 2.97667004e-06 2.982064773e-06 
0.75 3.053306627e-06 3.058789813e-06 
1.25 3.253717487e-06 3.259884233e-06 
1.75 3.18959416e-06 3.195405933e-06 
2.25 3.26276872e-06 3.268799813e-06 
2.75 3.337134547e-06 3.343319553e-06 
3.25 3.409687793e-06 3.41618194e-06 
3.75 3.788141847e-06 3.79603896e-06 
4.25 4.321820907e-06 4.332015047e-06 
4.75 5.32567932e-06 5.34105224e-06 
5.25 7.1949483e-06 7.222994913e-06 
5.75 1.010241895e-05 1.015767497e-05 
6.25 1.624403393e-05 1.638732593e-05 
6.75 2.807165087e-05 2.850054767e-05 
7.25 5.362694013e-05 5.521337053e-05 
7.75 0.0001086822979 0.000115408482 
8.25 0.000235476552 0.0002696777133 
8.75 0.000471579722 0.0006343805233 
9.25 0.0007838749353 0.001385208787 
